[[0.0982 0.0975 0.101  0.3908]
 [0.0982 0.1028 0.1009 0.259 ]
 [0.0892 0.0974 0.101  0.5676]
 [0.0958 0.1091 0.098  0.6443]
 [0.101  0.1119 0.1135 0.6993]
 [0.1009 0.1187 0.1153 0.7577]
 [0.0893 0.0984 0.0982 0.4368]
 [0.1135 0.1241 0.1137 0.8253]
 [0.1282 0.0892 0.0876 0.9008]
 [0.2501 0.2155 0.101  0.8987]
 [0.4102 0.1852 0.206  0.8978]
 [0.4144 0.2819 0.2553 0.9578]
 [0.2578 0.3289 0.4058 0.9281]
 [0.3614 0.3228 0.6607 0.9481]
 [0.6895 0.5403 0.7266 0.9622]
 [0.7846 0.8774 0.8948 0.9697]
 [0.7934 0.7979 0.6939 0.9636]
 [0.9006 0.6933 0.8619 0.9775]
 [0.9519 0.8814 0.9422 0.9789]
 [0.9531 0.9535 0.9539 0.974 ]
 [0.9658 0.8826 0.9623 0.975 ]
 [0.9422 0.9565 0.9675 0.9797]
 [0.9707 0.938  0.9514 0.9811]
 [0.9665 0.9706 0.976  0.9776]
 [0.9772 0.9782 0.9778 0.98  ]
 [0.9734 0.9633 0.9777 0.9807]
 [0.9786 0.9765 0.9778 0.9803]
 [0.9748 0.9782 0.9808 0.9807]
 [0.9794 0.9786 0.9807 0.9813]
 [0.9804 0.9795 0.9801 0.9818]
 [0.9808 0.9813 0.9807 0.9805]
 [0.9811 0.9731 0.9808 0.9809]
 [0.981  0.9818 0.9803 0.9816]
 [0.98   0.9779 0.9812 0.9814]
 [0.9812 0.9816 0.9788 0.9814]
 [0.9812 0.9804 0.9809 0.9814]
 [0.9813 0.9814 0.9807 0.9807]
 [0.9812 0.9804 0.9808 0.9807]
 [0.9809 0.981  0.9808 0.981 ]
 [0.9815 0.9809 0.9812 0.9811]
 [0.9813 0.9811 0.9811 0.9816]
 [0.9812 0.9809 0.9809 0.9809]
 [0.981  0.9814 0.9817 0.9808]
 [0.981  0.9808 0.9808 0.9809]
 [0.9808 0.9809 0.9807 0.9807]
 [0.9811 0.9807 0.9808 0.9806]]
